80 75 17 13 58 73 32 22 98 49 10 13 40 85 92 72 44 48 65 37 27 56 61 48 41 59 79 66 43 85 47 77 33 23 17 22 76 2 21 19 51 54 20 29 29 57 85 51 58 58 64 77 19 76 26 46 80 79 75 10 20 97 31 37 16 87 10 30 59 74 31 100 77 7 17 30 13 1 51 51 64 100 3 43 89 52 100 80 100 40 64 54 28 22 90 22 32 60 45 41
98 48 73 40 81 72 35 63 15 69 12 45 35 21 61 16 72 7 83 45 61 83 80 2 72 94 71 19 72 56 77 19 91 61 56 45 35 56 49 11 61 43 59 76 97 59 25 12 50 4 46 68 43 60 15 95 90 13 98 79 64 97 15 32 22 68 44 71 9 43 55 61 59 85 6 75 81 1 69 36 58 42 85 31 15 54 99 6 57 94 10 56 9 23 100 93 92 66 67 98
17 43 35 98 68 1 17 24 4 40 65 16 89 99 79 70 62 88 59 86 90 53 93 53 8 75 89 27 13 77 51 57 50 68 61 68 22 80 95 36 12 69 16 92 21 72 2 34 80 68 21 52 7 78 9 89 43 47 73 66 65 47 21 36 56 41 12 70 20 11 11 24 73 53 38 61 79 51 83 17 52 46 7 55 39 41 55 84 80 84 60 75 23 19 4 33 63 50 85 81
59 10 16 15 70 77 53 31 31 100 10 63 97 67 38 70 19 23 55 69 90 79 57 91 5 69 67 89 68 49 57 14 35 56 33 66 85 52 53 5 48 24 78 73 52 42 23 3 44 54 35 94 48 83 73 58 27 31 85 28 77 38 12 61 59 32 81 28 81 53 66 30 92 97 21 13 88 1 64 76 24 58 94 77 12 57 19 75 81 42 88 54 45 6 47 44 88 20 8 74
28 24 43 24 28 16 52 38 59 84 61 58 69 11 14 10 82 84 46 82 82 86 71 59 93 92 38 59 23 52 64 3 14 89 22 29 35 21 35 56 66 88 90 20 90 57 66 4 26 32 57 19 54 10 23 24 1 5 95 87 48 40 17 79 93 71 64 92 14 41 86 36 25 79 28 82 64 57 87 3 40 27 92 84 63 61 62 25 93 92 29 46 80 75 98 75 33 27 49 72
91 90 81 32 39 56 67 16 67 57 30 41 55 25 55 76 26 31 25 99 73 25 5 90 20 70 14 46 8 29 7 68 48 11 41 58 1 36 65 6 19 24 88 61 19 79 38 55 87 42 27 13 59 29 32 19 49 6 35 24 11 99 18 86 36 32 80 35 18 31 97 32 86 14 13 4 96 9 48 82 1 77 22 74 46 23 18 39 65 18 61 28 68 25 100 62 3 4 37 100
18 7 63 19 85 34 50 63 30 52 41 73 58 52 20 47 7 49 74 22 36 37 19 22 12 82 77 10 58 24 65 74 18 35 19 57 36 36 7 8 14 36 17 53 42 85 24 92 55 60 34 36 48 98 2 20 73 87 88 83 11 98 32 41 24 86 48 2 15 38 12 73 21 2 72 86 30 43 32 64 89 98 75 66 55 27 38 3 10 12 66 91 61 9 49 35 73 90 75 28
5 55 53 86 82 48 68 21 49 59 89 50 23 86 89 85 53 66 56 87 63 49 37 72 4 53 3 42 8 59 27 79 71 5 50 74 70 85 12 74 14 34 74 19 59 94 15 32 89 37 1 70 52 59 63 22 24 74 45 66 85 71 68 65 20 74 69 81 18 46 58 54 81 47 49 96 60 88 49 84 10 39 39 72 45 49 82 96 6 66 13 53 1 97 51 49 52 30 15 22
66 93 43 41 92 66 15 17 93 66 70 36 46 20 65 77 10 12 74 87 84 33 60 75 13 19 47 58 84 54 22 58 6 10 64 79 77 50 92 72 86 77 32 63 54 91 35 79 66 29 12 3 95 63 45 98 42 10 17 58 100 87 68 87 69 2 70 18 55 91 19 49 31 52 13 60 31 49 44 19 95 15 47 53 62 9 27 72 74 3 98 8 83 30 74 23 62 71 97 63
68 60 19 20 66 92 90 70 63 100 67 90 54 55 23 66 12 53 31 71 78 40 79 19 55 30 4 29 52 64 52 26 96 24 68 67 1 38 17 7 97 48 97 94 57 60 98 43 15 71 36 76 70 48 98 60 86 11 52 39 49 86 56 40 30 28 57 19 24 97 83 74 81 32 11 81 32 57 86 55 72 4 20 94 71 40 83 58 23 87 74 4 60 45 45 86 95 83 28 27
94 90 20 37 8 24 37 32 86 13 30 58 73 96 32 17 31 56 47 42 23 20 5 11 22 50 74 50 6 71 49 58 10 42 95 62 34 100 53 43 68 33 44 13 36 58 42 66 24 10 67 47 36 47 86 57 6 85 27 62 27 41 20 38 4 4 31 85 30 97 99 63 80 40 46 66 15 24 62 8 10 90 5 27 32 42 72 51 52 36 58 2 56 36 19 100 41 43 16 89
10 32 8 31 68 21 87 36 26 14 34 42 22 37 42 100 13 45 37 22 51 99 96 17 20 45 91 52 41 35 49 50 28 56 64 50 47 24 72 40 11 99 4 2 93 31 67 59 23 14 2 68 8 88 49 29 65 34 80 69 55 73 92 3 9 32 91 78 55 39 26 63 13 35 11 95 53 66 50 75 13 92 46 70 49 57 32 48 64 95 16 44 74 51 80 84 50 98 27 81
49 48 48 55 96 52 85 24 23 14 42 22 59 23 9 8 100 3 1 22 3 63 15 62 97 77 51 10 72 74 8 95 35 69 34 93 72 59 12 54 78 96 53 75 61 77 77 59 68 70 6 23 30 26 37 66 66 55 13 50 88 1 26 18 65 39 70 96 69 35 81 46 30 92 86 65 26 42 79 33 41 84 58 28 18 88 46 58 46 52 31 68 61 44 73 58 76 57 55 15
7 17 58 46 31 25 90 97 94 61 48 79 84 83 64 83 31 66 29 70 33 96 90 15 88 55 61 100 29 92 52 24 3 72 30 85 100 56 60 95 20 77 37 9 33 84 88 17 28 80 54 76 60 79 86 32 85 13 6 31 72 73 57 42 87 64 72 3 38 64 83 44 2 56 57 67 53 44 56 85 20 54 66 20 73 84 91 54 52 2 68 60 62 65 2 71 50 25 67 26
52 29 56 35 70 59 32 50 98 10 26 68 48 86 6 71 54 80 28 79 27 18 36 31 30 1 50 85 69 22 50 50 29 44 93 95 50 25 74 64 9 11 23 72 51 40 82 49 67 88 92 49 63 43 69 44 94 14 84 8 91 18 60 71 39 69 26 76 22 33 10 95 54 14 92 83 95 36 72 74 57 11 70 51 75 36 23 62 54 57 75 74 99 44 26 52 87 76 8 86
